[gd_scene load_steps=12 format=3 uid="uid://f34w2ggnrdr4"]

[ext_resource type="Shader" path="res://shaders/terrain_generation/second_terrain.gdshader" id="1_8dbkh"]
[ext_resource type="Shader" path="res://shaders/post_processing/hatching.gdshader" id="3_war5u"]
[ext_resource type="Script" path="res://scripts/free_cam.gd" id="3_y5k6m"]
[ext_resource type="PackedScene" uid="uid://drn7ouohlx3ib" path="res://scenes/sun.tscn" id="4_pt8eh"]
[ext_resource type="PackedScene" uid="uid://bh5bhrnhou1cn" path="res://scenes/noise_gen.tscn" id="5_jkxt7"]

[sub_resource type="ViewportTexture" id="ViewportTexture_xcl6k"]
viewport_path = NodePath("SubViewport")

[sub_resource type="ShaderMaterial" id="ShaderMaterial_sft1i"]
resource_local_to_scene = true
render_priority = 0
shader = ExtResource("1_8dbkh")
shader_parameter/noise = SubResource("ViewportTexture_xcl6k")

[sub_resource type="PlaneMesh" id="PlaneMesh_2tsj7"]
resource_local_to_scene = true
material = SubResource("ShaderMaterial_sft1i")
custom_aabb = AABB(-50, -50, -50, 100, 100, 100)
size = Vector2(16, 16)
subdivide_width = 512
subdivide_depth = 512

[sub_resource type="ShaderMaterial" id="ShaderMaterial_c8miw"]
resource_local_to_scene = true
render_priority = 0
shader = ExtResource("3_war5u")
shader_parameter/num_tones = 25

[sub_resource type="QuadMesh" id="QuadMesh_afiol"]
material = SubResource("ShaderMaterial_c8miw")
custom_aabb = AABB(0, 0, -500, 1000, 1000, 1000)
flip_faces = true
size = Vector2(2, 2)

[sub_resource type="SphereShape3D" id="SphereShape3D_wadg8"]

[node name="Node3D" type="Node3D"]

[node name="MeshInstance3D" type="MeshInstance3D" parent="."]
transform = Transform3D(1, 0, 0, 0, 1, 0, 0, 0, 1, -0.330482, 0.24614, 0.159104)
mesh = SubResource("PlaneMesh_2tsj7")

[node name="Camera3D" type="Camera3D" parent="."]
transform = Transform3D(1, 0, 0, 0, 0.810021, 0.586401, 0, -0.586401, 0.810021, 0.130093, 10.6283, 9.80425)
script = ExtResource("3_y5k6m")
move_speed = 20.0

[node name="MeshInstance3D" type="MeshInstance3D" parent="Camera3D"]
transform = Transform3D(0.0911193, 0, -0.99584, 0, 1, 0, 0.99584, 0, 0.0911193, -0.169409, -0.798712, -1.85146)
visible = false
mesh = SubResource("QuadMesh_afiol")
skeleton = NodePath("../..")

[node name="RigidBody3D" type="RigidBody3D" parent="."]

[node name="CollisionShape3D" type="CollisionShape3D" parent="RigidBody3D"]
shape = SubResource("SphereShape3D_wadg8")

[node name="DirectionalLight3D" type="DirectionalLight3D" parent="."]
transform = Transform3D(0.622902, 0.7199, 0.306163, 0.666451, -0.693282, 0.274232, 0.409677, 0.0332224, -0.911625, 0, 7.03142, 0)

[node name="OmniLight3D" parent="." instance=ExtResource("4_pt8eh")]
visible = false

[node name="SubViewport" type="SubViewport" parent="."]

[node name="Node" parent="SubViewport" instance=ExtResource("5_jkxt7")]
